1
2020 2021
1 1 10 2020 31 12 2020 0
2 1 1 2021 31 5 2021 0
3 1 6 2021 30 9 2021 0
2
2021 2022
1 1 10 2021 31 12 2021 0
2 1 1 2022 31 5 2022 0
3 1 6 2022 30 9 2022 0
3
2022 2023
1 1 10 2022 31 12 2022 0
2 1 1 2023 31 5 2023 0
3 1 6 2023 30 9 2023 0
4
2023 2024
1 1 10 2023 31 12 2023 0
2 1 1 2024 31 5 2024 0
3 1 6 2024 30 9 2024 0
5
2024 2025
1 1 10 2024 31 12 2024 0
2 1 1 2025 31 5 2025 0
3 1 6 2025 30 9 2025 0
6
2025 2026
1 1 10 2025 31 12 2025 0
2 1 1 2026 31 5 2026 0
3 1 6 2026 30 9 2026 0
-1